9 1.1433527148748421
9 1.373406523503102
11 1.042800447451579
11 1.30616717397391
11 1.6403017305062932
13 1.0632816909765221
13 1.1496841006856537
13 1.4861927389120075
13 1.9130581402897957
15 1.022272334227691
15 1.144676605116975
15 1.2717560367803795
15 1.6750625690158545
15 2.1891642671304425
17 1.0359166659314836
17 1.082449310608693
17 1.239882184088648
17 1.4020092214717046
17 1.8691233799049447
17 2.467373232321219
19 1.013687991377589
19 1.0856151435551822
19 1.155188607945218
19 1.3431317107407774
19 1.5372310095577983
19 2.066511405657481
19 2.746992315954871
